AVERAGES over 3 repetitions

MAE_kNN_Abr:  0.5821413732262526
MAE_kNN_Zhao:  0.730308073463812
MAE_kstarNN:  0.5079782036826754
MAE_GKDE_Sil:  0.8993598432187241
MAE_awkde:  4.214337482765974
MAE_GKDE_Scott:  1.3375930892774968
MAE_PAk:  0.5919425905849723
MAE_BMTI:  0.4855479138598527
MAE_GMM:  1.57292683845919

MSE_kNN_Abr:  0.5795891473987648
MSE_kNN_Zhao:  0.8752300097022846
MSE_kstarNN:  0.5176913133330613
MSE_GKDE_Sil:  1.5050642823120814
MSE_awkde:  32.76204527639287
MSE_GKDE_Scott:  2.9169384271159546
MSE_PAk:  0.6269260891159271
MSE_BMTI:  0.5527638860087127
MSE_GMM:  4.892866591348284

time_kNN_Abr:  0.019579573961285252
time_kNN_Zhao:  0.019137643976137042
time_kstarNN:  0.0643555010125662
time_GKDE_Sil:  5.953959376978067
time_awkde:  5.9643333236454055
time_GKDE_Scott:  8.041789956002807
time_PAk:  0.3419981977203861
time_BMTI:  7.188834420638159
time_compute_deltaFs:  6.144255979025426
time_GMM:  4.144583643026029


STDEVS over 3 repetitions

MAE_kNN_Abr:  4.160438133822662e-06
MAE_kNN_Zhao:  1.4776366988957233e-05
MAE_kstarNN:  5.0874280789481265e-06
MAE_GKDE_Sil:  3.213958874055405e-05
MAE_awkde:  0.0008443057159810727
MAE_GKDE_Scott:  4.412658460819475e-05
MAE_PAk:  5.0542919867458875e-06
MAE_BMTI:  0.0013511533716927908
MAE_GMM:  0.00018563308841581462

MSE_kNN_Abr:  8.119029015661326e-06
MSE_kNN_Zhao:  8.856156581020887e-05
MSE_kstarNN:  3.131620465981828e-05
MSE_GKDE_Sil:  0.0002650976658893084
MSE_awkde:  0.4311438900208374
MSE_GKDE_Scott:  0.0005345146325841134
MSE_PAk:  5.289576675370017e-06
MSE_BMTI:  0.013101805138370426
MSE_GMM:  0.009829851409652961

time_kNN_Abr:  2.5565811205530273e-08
time_kNN_Zhao:  1.7073504484195246e-08
time_kstarNN:  8.015572534102032e-08
time_GKDE_Sil:  2.7813395573291313e-05
time_awkde:  2.462799033357028e-05
time_GKDE_Scott:  0.00031660434571799146
time_PAk:  1.2661362710728905e-05
time_BMTI:  0.003638425219163618
time_compute_deltaFs:  0.00280709234649555
time_GMM:  0.11148842491848214

