AVERAGES over 3 repetitions

MAE_kNN_Abr:  0.577853544695868
MAE_kNN_Zhao:  0.7266680361793586
MAE_kstarNN:  0.505239447053819
MAE_GKDE_Sil:  0.8997123936227513
MAE_awkde:  4.201875012939788
MAE_GKDE_Scott:  1.3378431635348909
MAE_PAk:  0.5911351695743702
MAE_BMTI:  0.46349848802285293
MAE_GMM:  1.697635984196687

MSE_kNN_Abr:  0.5746426228449151
MSE_kNN_Zhao:  0.87104555641307
MSE_kstarNN:  0.5178875964305346
MSE_GKDE_Sil:  1.5056457643588923
MSE_awkde:  32.79332733603178
MSE_GKDE_Scott:  2.91757813319272
MSE_PAk:  0.6242714161125115
MSE_BMTI:  0.46039075950921426
MSE_GMM:  5.5198195024391135

time_kNN_Abr:  0.03635866427794099
time_kNN_Zhao:  0.03795800373579065
time_kstarNN:  0.08917566481977701
time_GKDE_Sil:  7.504558186667661
time_awkde:  7.090735938555251
time_GKDE_Scott:  9.221543403497586
time_PAk:  0.45897473162040114
time_BMTI:  9.568795154647281
time_compute_deltaFs:  3.575614922059079
time_GMM:  5.060071784537286


STDEVS over 3 repetitions

MAE_kNN_Abr:  6.500801037656562e-06
MAE_kNN_Zhao:  4.189404819869031e-06
MAE_kstarNN:  8.075126044749514e-06
MAE_GKDE_Sil:  2.1109742474528955e-05
MAE_awkde:  0.0028354955951876673
MAE_GKDE_Scott:  5.9485628273075475e-05
MAE_PAk:  1.7230280157475415e-06
MAE_BMTI:  9.612278478054103e-05
MAE_GMM:  0.0031804880811104486

MSE_kNN_Abr:  6.108526888458753e-05
MSE_kNN_Zhao:  2.319496738588696e-05
MSE_kstarNN:  4.828272942556238e-05
MSE_GKDE_Sil:  0.0006390826553078077
MSE_awkde:  0.15856153420887886
MSE_GKDE_Scott:  0.001115764934892854
MSE_PAk:  4.361971436444507e-05
MSE_BMTI:  0.001574095257255697
MSE_GMM:  0.05621007490565778

time_kNN_Abr:  1.2227059101050297e-05
time_kNN_Zhao:  1.434271864610778e-05
time_kstarNN:  3.668845276906788e-05
time_GKDE_Sil:  0.21853919818673725
time_awkde:  0.00826120069150846
time_GKDE_Scott:  0.01617009941477775
time_PAk:  0.0006686763715628508
time_BMTI:  0.02634166068115849
time_compute_deltaFs:  0.00473225634204321
time_GMM:  0.17839342659151586
