AVERAGES over 1 repetitions

MAE_kNN_Abr:  0.5017608517991168
MAE_kNN_Zhao:  0.7035608992784723
MAE_kstarNN:  0.4270524104707177
MAE_GKDE_Sil:  0.8000336371731961
MAE_awkde:  4.344788406566105
MAE_GKDE_Scott:  1.3139965478610192
MAE_PAk:  0.5251778818588269
MAE_BMTI:  0.3569900997971496
MAE_GMM:  1.6597331028114553

MSE_kNN_Abr:  0.43822129703456847
MSE_kNN_Zhao:  0.8136087549082248
MSE_kstarNN:  0.36300112699275283
MSE_GKDE_Sil:  1.1858282361469292
MSE_awkde:  35.51687197433028
MSE_GKDE_Scott:  2.813470154235315
MSE_PAk:  0.49807659519827435
MSE_BMTI:  0.2678233178211045
MSE_GMM:  5.1221703046700275

time_kNN_Abr:  0.11100443406030536
time_kNN_Zhao:  0.09716923022642732
time_kstarNN:  0.2863516048528254
time_GKDE_Sil:  63.94508808711544
time_awkde:  60.882893963716924
time_GKDE_Scott:  87.55195590341464
time_PAk:  1.468350263312459
time_BMTI:  185.57434697495773
time_compute_deltaFs:  11.546415898948908
time_GMM:  11.877886385191232

