AVERAGES over 5 repetitions

MAE_kNN_Abr:  0.5052864280758731
MAE_kNN_Zhao:  0.9776679517892563
MAE_kstarNN:  0.11789261629638612
MAE_GKDE_Sil:  0.15095045788202155
MAE_awkde:  4.388175242314479
MAE_GKDE_Scott:  0.6973503748497858
MAE_PAk:  0.1629424992481019
MAE_BMTI:  0.0961400321714336
MAE_GMM:  0.742661078869435

MSE_kNN_Abr:  0.41706650437498183
MSE_kNN_Zhao:  1.6036333256561779
MSE_kstarNN:  0.0396937182576859
MSE_GKDE_Sil:  0.06833495420229796
MSE_awkde:  29.352104353505514
MSE_GKDE_Scott:  0.9340626550899186
MSE_PAk:  0.05304479683419021
MSE_BMTI:  0.02592904048843649
MSE_GMM:  2.609404576568955

time_kNN_Abr:  0.00414983294904232
time_kNN_Zhao:  0.004141843318939209
time_kstarNN:  0.029192082956433295
time_GKDE_Sil:  0.27887952215969564
time_awkde:  0.2713834697380662
time_GKDE_Scott:  0.31994291488081217
time_PAk:  0.6944767428562045
time_BMTI:  0.21295495331287384
time_compute_deltaFs:  9.644526602700353
time_GMM:  0.6284264907240867


STDEVS over 5 repetitions

MAE_kNN_Abr:  4.618910329152133e-05
MAE_kNN_Zhao:  0.00019693776057745855
MAE_kstarNN:  4.3325271195465e-05
MAE_GKDE_Sil:  0.0001303002563853552
MAE_awkde:  0.00967750967503477
MAE_GKDE_Scott:  0.00016967318149025827
MAE_PAk:  4.9694721652709645e-05
MAE_BMTI:  9.852020013826816e-06
MAE_GMM:  0.0022285648355569844

MSE_kNN_Abr:  7.522987381662775e-05
MSE_kNN_Zhao:  0.0028972931668102965
MSE_kstarNN:  2.3294257089464627e-05
MSE_GKDE_Sil:  5.4218656030511356e-05
MSE_awkde:  0.7138132753437254
MSE_GKDE_Scott:  0.0016213396377067974
MSE_PAk:  1.4811455662323648e-05
MSE_BMTI:  7.361180532332747e-06
MSE_GMM:  0.6415613691932404

time_kNN_Abr:  2.6291162214841227e-09
time_kNN_Zhao:  2.1741413782523763e-09
time_kstarNN:  7.028853916362649e-07
time_GKDE_Sil:  7.300682408327337e-05
time_awkde:  4.699763591684302e-07
time_GKDE_Scott:  4.739429827736588e-08
time_PAk:  0.0001406054153697957
time_BMTI:  5.326156912606637e-06
time_compute_deltaFs:  0.021540818513396596
time_GMM:  0.0030727555406567693
