AVERAGES over 1 repetitions

MAE_kNN_Abr:  0.5017608517991134
MAE_kNN_Zhao:  0.7035608992784699
MAE_kstarNN:  0.4270524104707171
MAE_GKDE_Sil:  0.8000336371731961
MAE_awkde:  4.344788406566108
MAE_GKDE_Scott:  1.3139965478610187
MAE_PAk:  0.5251778818588231
MAE_BMTI:  0.35699009979732726
MAE_GMM:  1.7880029674011737

MSE_kNN_Abr:  0.4382212970345664
MSE_kNN_Zhao:  0.8136087549082245
MSE_kstarNN:  0.36300112699275255
MSE_GKDE_Sil:  1.1858282361469294
MSE_awkde:  35.51687197433035
MSE_GKDE_Scott:  2.813470154235315
MSE_PAk:  0.4980765951982788
MSE_BMTI:  0.26782331782129704
MSE_GMM:  5.842545427393004

time_kNN_Abr:  0.059383462998084724
time_kNN_Zhao:  0.058523789048194885
time_kstarNN:  0.19956599303986877
time_GKDE_Sil:  50.8580465860432
time_awkde:  51.72599030600395
time_GKDE_Scott:  78.78016684995964
time_PAk:  1.158242610981688
time_BMTI:  171.34183947893325
time_compute_deltaFs:  20.68505664798431
time_GMM:  16.170949595980346

