AVERAGES over 5 repetitions

MAE_kNN_Abr:  0.48612346505873594
MAE_kNN_Zhao:  0.9705934143931406
MAE_kstarNN:  0.12118892252689148
MAE_GKDE_Sil:  0.1543611072306473
MAE_awkde:  4.3948818349228205
MAE_GKDE_Scott:  0.6973055919579639
MAE_PAk:  0.1628946556019124
MAE_BMTI:  0.09711941245789912
MAE_GMM:  0.7524454424166631

MSE_kNN_Abr:  0.3837776360647262
MSE_kNN_Zhao:  1.6219732156508873
MSE_kstarNN:  0.04067720572498923
MSE_GKDE_Sil:  0.06777965750891132
MSE_awkde:  29.401442124405794
MSE_GKDE_Scott:  0.9340186944355896
MSE_PAk:  0.05170213798770087
MSE_BMTI:  0.026704097775300122
MSE_GMM:  3.220260559767605

time_kNN_Abr:  0.004013752238824964
time_kNN_Zhao:  0.003999605006538331
time_kstarNN:  0.025270230206660926
time_GKDE_Sil:  0.23475951261352748
time_awkde:  0.23334459639154376
time_GKDE_Scott:  0.2815837905975059
time_PAk:  0.6537916272180155
time_BMTI:  0.1907627240056172
time_compute_deltaFs:  10.091088366624898
time_GMM:  0.6051724618067965


STDEVS over 5 repetitions

MAE_kNN_Abr:  0.00022596592971870055
MAE_kNN_Zhao:  0.00011067700437730537
MAE_kstarNN:  3.9976735637972004e-05
MAE_GKDE_Sil:  1.8409357302652525e-05
MAE_awkde:  0.0025281859358318552
MAE_GKDE_Scott:  0.00013734066541907066
MAE_PAk:  7.068050053908814e-05
MAE_BMTI:  4.9398717906579795e-05
MAE_GMM:  0.0006511053556327622

MSE_kNN_Abr:  0.0002676246282981229
MSE_kNN_Zhao:  0.002250714788454932
MSE_kstarNN:  1.5459829870662785e-05
MSE_GKDE_Sil:  2.885858259200884e-05
MSE_awkde:  0.21506608893582066
MSE_GKDE_Scott:  0.0017177654738793433
MSE_PAk:  1.2044655255281783e-05
MSE_BMTI:  4.601080892815947e-06
MSE_GMM:  0.33846044258865776

time_kNN_Abr:  3.103184877479065e-09
time_kNN_Zhao:  3.5634681313865045e-09
time_kstarNN:  4.4268798980988993e-07
time_GKDE_Sil:  1.15148885889893e-05
time_awkde:  1.233675816725451e-05
time_GKDE_Scott:  4.530516045215868e-07
time_PAk:  0.0005353980929896111
time_BMTI:  1.5608145698469713e-06
time_compute_deltaFs:  0.00921302798055365
time_GMM:  0.0020533993672285293

