AVERAGES over 5 repetitions

MAE_kNN_Abr:  0.26216378533654183
MAE_kNN_Zhao:  0.2046997328708024
MAE_kstarNN:  0.179564873116473
MAE_GKDE_Sil:  0.2343592433305047
MAE_awkde:  0.16870958114441859
MAE_GKDE_Scott:  0.35455476092138355
MAE_PAk:  0.20043874258250388
MAE_BMTI:  0.14761150914711066
MAE_GMM:  0.046865395566303744

MSE_kNN_Abr:  0.20568901669675768
MSE_kNN_Zhao:  0.11762161565364031
MSE_kstarNN:  0.08551525781842856
MSE_GKDE_Sil:  0.12324037586699743
MSE_awkde:  0.08866017408580681
MSE_GKDE_Scott:  0.273128203654029
MSE_PAk:  0.08029365042330305
MSE_BMTI:  0.06317905900119203
MSE_GMM:  0.004570613082823119

time_kNN_Abr:  0.004235252994112671
time_kNN_Zhao:  0.004207907407544553
time_kstarNN:  0.01866473399568349
time_GKDE_Sil:  0.11242687259800732
time_awkde:  0.11236527520231902
time_GKDE_Scott:  0.17408180080819874
time_PAk:  0.3783506120322272
time_BMTI:  0.16218615164980293
time_compute_deltaFs:  6.773633367801085
time_GMM:  0.09544591996818781


STDEVS over 5 repetitions

MAE_kNN_Abr:  6.751523730213135e-05
MAE_kNN_Zhao:  1.866873208952381e-05
MAE_kstarNN:  3.382755483031367e-05
MAE_GKDE_Sil:  6.0617889445788105e-05
MAE_awkde:  5.801644916568686e-05
MAE_GKDE_Scott:  2.4643062496990782e-05
MAE_PAk:  4.521166238266862e-05
MAE_BMTI:  7.564544000422924e-05
MAE_GMM:  7.757231355531982e-05

MSE_kNN_Abr:  0.0007959222353726298
MSE_kNN_Zhao:  0.00033603376883347015
MSE_kstarNN:  0.00014364975372857137
MSE_GKDE_Sil:  6.11606774286922e-05
MSE_awkde:  0.00014815320539309586
MSE_GKDE_Scott:  0.00040237359037166863
MSE_PAk:  5.229230482404817e-05
MSE_BMTI:  0.00014123971740849105
MSE_GMM:  2.0354353317015165e-06

time_kNN_Abr:  5.0002931159326484e-09
time_kNN_Zhao:  7.2171658011009725e-09
time_kstarNN:  4.5049520684152627e-07
time_GKDE_Sil:  1.4516909024358328e-07
time_awkde:  1.1472733586065254e-07
time_GKDE_Scott:  1.6046135413634926e-07
time_PAk:  2.44069798378452e-05
time_BMTI:  3.1806713836322838e-06
time_compute_deltaFs:  0.0068810370822434954
time_GMM:  6.343157712749882e-05

