AVERAGES over 5 repetitions

MAE_kNN_Abr:  0.296138957685757
MAE_kNN_Zhao:  0.1632577176457069
MAE_kstarNN:  0.13189741277031822
MAE_GKDE_Sil:  0.35219765827789684
MAE_awkde:  0.24849539641667856
MAE_GKDE_Scott:  0.5566912607563285
MAE_PAk:  0.16453324374622405
MAE_BMTI:  0.11108493409643345
MAE_GMM:  0.13182299315684415

MSE_kNN_Abr:  0.1912806363514202
MSE_kNN_Zhao:  0.0637396478092765
MSE_kstarNN:  0.034009082628020104
MSE_GKDE_Sil:  0.21009346990244887
MSE_awkde:  0.1145654295688195
MSE_GKDE_Scott:  0.5139131422442642
MSE_PAk:  0.04951181956272875
MSE_BMTI:  0.026634914680217003
MSE_GMM:  0.045325728204675744

time_kNN_Abr:  0.01086167637258768
time_kNN_Zhao:  0.010526765882968903
time_kstarNN:  0.06239798683673144
time_GKDE_Sil:  0.8350287068635225
time_awkde:  0.8131817858666182
time_GKDE_Scott:  1.1952949352562428
time_PAk:  1.4520237470045685
time_BMTI:  1.3226739399135112
time_compute_deltaFs:  22.286217479780316
time_GMM:  0.25518021155148746


STDEVS over 5 repetitions

MAE_kNN_Abr:  8.374258554101077e-06
MAE_kNN_Zhao:  2.7432474520252072e-05
MAE_kstarNN:  2.367596289522115e-05
MAE_GKDE_Sil:  1.7725284328354427e-05
MAE_awkde:  2.1760676765650987e-06
MAE_GKDE_Scott:  1.2715292341385638e-05
MAE_PAk:  2.4674869424082903e-05
MAE_BMTI:  2.5890753630311034e-05
MAE_GMM:  2.8204014721354818e-05

MSE_kNN_Abr:  9.972810930774966e-06
MSE_kNN_Zhao:  4.652576482584028e-06
MSE_kstarNN:  2.49683481113088e-06
MSE_GKDE_Sil:  1.0795168017025866e-05
MSE_awkde:  4.3938969699126635e-06
MSE_GKDE_Scott:  2.485576850376431e-05
MSE_PAk:  4.7071904447611015e-06
MSE_BMTI:  3.6018043296510917e-06
MSE_GMM:  2.173177951519699e-05

time_kNN_Abr:  1.1692489917814911e-09
time_kNN_Zhao:  4.9352173484779205e-09
time_kstarNN:  4.090519076981722e-06
time_GKDE_Sil:  0.0004349860397925372
time_awkde:  2.9834776155148e-07
time_GKDE_Scott:  2.6615101865712544e-06
time_PAk:  0.00024290811715661136
time_BMTI:  6.60265467915813e-05
time_compute_deltaFs:  0.09169843446876565
time_GMM:  0.00011030239248423542

