AVERAGES over 5 repetitions

MAE_kNN_Abr:  0.29546791992296023
MAE_kNN_Zhao:  0.16488648876272075
MAE_kstarNN:  0.13379400178863535
MAE_GKDE_Sil:  0.352299643796233
MAE_awkde:  0.24803174919590246
MAE_GKDE_Scott:  0.5565015525216983
MAE_PAk:  0.16841862533750424
MAE_BMTI:  0.11761890285306156
MAE_GMM:  0.13883274594416412

MSE_kNN_Abr:  0.1911241669097256
MSE_kNN_Zhao:  0.06431297439734686
MSE_kstarNN:  0.03490991630814709
MSE_GKDE_Sil:  0.2097520036925852
MSE_awkde:  0.11432756545164499
MSE_GKDE_Scott:  0.5136083737871675
MSE_PAk:  0.05165900537025832
MSE_BMTI:  0.028141833951476947
MSE_GMM:  0.04869290752663295

time_kNN_Abr:  0.010477329604327679
time_kNN_Zhao:  0.010305494186468422
time_kstarNN:  0.06460730500984938
time_GKDE_Sil:  0.726534404209815
time_awkde:  0.7229287764290347
time_GKDE_Scott:  1.0676263868110254
time_PAk:  1.2929780275793745
time_BMTI:  1.3116802980424835
time_compute_deltaFs:  23.728745787590743
time_GMM:  0.2592613076092675


STDEVS over 5 repetitions

MAE_kNN_Abr:  4.14518209578967e-06
MAE_kNN_Zhao:  3.9420266000460454e-05
MAE_kstarNN:  2.7962571820803592e-05
MAE_GKDE_Sil:  2.1823848236801464e-06
MAE_awkde:  5.3626755410738355e-06
MAE_GKDE_Scott:  8.079456188578905e-06
MAE_PAk:  1.6015385048597453e-05
MAE_BMTI:  7.248682502783789e-05
MAE_GMM:  2.0490404095966983e-05

MSE_kNN_Abr:  7.331201655250789e-06
MSE_kNN_Zhao:  3.9232991623040005e-06
MSE_kstarNN:  1.6824776075811423e-06
MSE_GKDE_Sil:  9.39715265878686e-06
MSE_awkde:  2.4247583598830656e-06
MSE_GKDE_Scott:  3.852596286659894e-05
MSE_PAk:  1.5010744812294271e-06
MSE_BMTI:  5.951128573385254e-06
MSE_GMM:  3.3124254756448487e-06

time_kNN_Abr:  5.301356417362951e-09
time_kNN_Zhao:  2.459034924566037e-08
time_kstarNN:  3.073105064296916e-05
time_GKDE_Sil:  3.0496578349251517e-05
time_awkde:  2.5183099132588236e-05
time_GKDE_Scott:  5.366525931308524e-05
time_PAk:  7.062302504270209e-05
time_BMTI:  6.708221526491252e-05
time_compute_deltaFs:  0.08715601082347711
time_GMM:  1.7596965997866827e-05

