AVERAGES over 5 repetitions

MAE_kNN_Abr:  0.3512366147375986
MAE_kNN_Zhao:  0.37111817161748684
MAE_kstarNN:  0.3319991167251041
MAE_GKDE_Sil:  0.7121016143884343
MAE_awkde:  0.5357683700080775
MAE_GKDE_Scott:  0.8035280807799083
MAE_PAk:  0.43620167316392633
MAE_BMTI:  0.25952120492008574
MAE_GMM:  0.06802501812375691

MSE_kNN_Abr:  0.2726340281640611
MSE_kNN_Zhao:  0.25999638530848135
MSE_kstarNN:  0.22293478196586453
MSE_GKDE_Sil:  1.0509562930066063
MSE_awkde:  0.463680236575823
MSE_GKDE_Scott:  1.0903079481447828
MSE_PAk:  0.34845088592484125
MSE_BMTI:  0.14283146376882522
MSE_GMM:  0.011832097197118262

time_kNN_Abr:  0.021126616420224308
time_kNN_Zhao:  0.020922902994789182
time_kstarNN:  0.07489895899780094
time_GKDE_Sil:  3.2844685101881623
time_awkde:  3.2897145717637613
time_GKDE_Scott:  5.008297558198683
time_PAk:  0.47707343257497997
time_BMTI:  7.420898331981152
time_compute_deltaFs:  7.831286695809103
time_GMM:  0.46993800639174876


STDEVS over 5 repetitions

MAE_kNN_Abr:  9.831686189826342e-06
MAE_kNN_Zhao:  1.1394845223270718e-05
MAE_kstarNN:  1.3124869656598196e-05
MAE_GKDE_Sil:  3.0511406749276238e-05
MAE_awkde:  1.0108638321272638e-05
MAE_GKDE_Scott:  1.2307919576392298e-05
MAE_PAk:  2.2271820230758833e-05
MAE_BMTI:  1.9798528113947172e-05
MAE_GMM:  1.3119262736932351e-05

MSE_kNN_Abr:  4.333988495630755e-05
MSE_kNN_Zhao:  3.481662959704806e-05
MSE_kstarNN:  2.7768968393528462e-05
MSE_GKDE_Sil:  0.0005464110225868036
MSE_awkde:  3.346900400385064e-05
MSE_GKDE_Scott:  0.00020305267045932023
MSE_PAk:  3.66739957983971e-05
MSE_BMTI:  2.220983011747103e-05
MSE_GMM:  1.0576788064230799e-06

time_kNN_Abr:  7.069506314885634e-09
time_kNN_Zhao:  1.9415896137968846e-09
time_kstarNN:  1.0897097016980319e-07
time_GKDE_Sil:  4.620413826395771e-06
time_awkde:  3.7478618121800336e-05
time_GKDE_Scott:  0.00019868090479282724
time_PAk:  6.429045384490005e-06
time_BMTI:  0.0005715189035891719
time_compute_deltaFs:  0.0009060150352047225
time_GMM:  2.9738552944135414e-05
