AVERAGES over 5 repetitions

MAE_kNN_Abr:  0.35232207999316
MAE_kNN_Zhao:  0.37360344632852566
MAE_kstarNN:  0.33290382556790904
MAE_GKDE_Sil:  0.7116196385356635
MAE_awkde:  0.5392730429514436
MAE_GKDE_Scott:  0.8036066764233842
MAE_PAk:  0.44045675488218905
MAE_BMTI:  0.26003198850719705
MAE_GMM:  0.06891913480709438

MSE_kNN_Abr:  0.2739973875772594
MSE_kNN_Zhao:  0.2635833317961106
MSE_kstarNN:  0.22475301003315984
MSE_GKDE_Sil:  1.0497089025113835
MSE_awkde:  0.4672184500023448
MSE_GKDE_Scott:  1.0906257536519006
MSE_PAk:  0.3534813934752824
MSE_BMTI:  0.1451899056308573
MSE_GMM:  0.011746832556865655

time_kNN_Abr:  0.021551395393908025
time_kNN_Zhao:  0.0214591559022665
time_kstarNN:  0.09436669647693634
time_GKDE_Sil:  3.8281252313405276
time_awkde:  3.820357580296695
time_GKDE_Scott:  5.801418712735176
time_PAk:  0.5454092910513282
time_BMTI:  8.454622271843254
time_compute_deltaFs:  7.5525184774771335
time_GMM:  0.4760068114846945


STDEVS over 5 repetitions

MAE_kNN_Abr:  3.937968603114379e-05
MAE_kNN_Zhao:  1.731162315742213e-05
MAE_kstarNN:  3.4758900882662463e-05
MAE_GKDE_Sil:  4.2413991667070944e-05
MAE_awkde:  7.02030467120776e-05
MAE_GKDE_Scott:  3.4928017561201044e-05
MAE_PAk:  5.343560101517882e-06
MAE_BMTI:  2.242381972511807e-05
MAE_GMM:  6.847655963034473e-06

MSE_kNN_Abr:  4.74064274696611e-05
MSE_kNN_Zhao:  2.856661335138376e-05
MSE_kstarNN:  4.361985182422744e-05
MSE_GKDE_Sil:  0.0002834742836524391
MSE_awkde:  0.00023928444659893249
MSE_GKDE_Scott:  0.00019343780953415924
MSE_PAk:  2.0654914606093334e-05
MSE_BMTI:  1.237136704580169e-05
MSE_GMM:  2.0141296360735243e-07

time_kNN_Abr:  1.105431477579366e-08
time_kNN_Zhao:  2.2414183728988987e-08
time_kstarNN:  9.728491475962613e-07
time_GKDE_Sil:  0.000605896418231865
time_awkde:  0.00016127161777188909
time_GKDE_Scott:  0.0037546915626423577
time_PAk:  9.241797873149919e-05
time_BMTI:  0.0006987084011328164
time_compute_deltaFs:  0.006712638831921348
time_GMM:  9.071419245300637e-05

