AVERAGES over 1 repetitions

MAE_kNN_Abr:  0.6793005552852694
MAE_kNN_Zhao:  0.6336351022720416
MAE_kstarNN:  0.6539812573859596
MAE_GKDE_Sil:  2.428657786954671
MAE_awkde:  2.8254439053610065
MAE_GKDE_Scott:  2.494742017061419
MAE_PAk:  0.788556092103184
MAE_BMTI:  0.6458697670087282
MAE_GMM:  1.8295042402754311

MSE_kNN_Abr:  0.7922647317700565
MSE_kNN_Zhao:  0.663871069840119
MSE_kstarNN:  0.7190793327856272
MSE_GKDE_Sil:  9.27859080088322
MSE_awkde:  12.20081616471089
MSE_GKDE_Scott:  9.92548480709639
MSE_PAk:  1.0825259336228679
MSE_BMTI:  0.7248865877735514
MSE_GMM:  5.6720079172215705

time_kNN_Abr:  0.03886930993758142
time_kNN_Zhao:  0.038223634008318186
time_kstarNN:  0.07913903205189854
time_GKDE_Sil:  14.848405590979382
time_awkde:  15.400314384954982
time_GKDE_Scott:  21.85380639100913
time_PAk:  0.436358701903373
time_BMTI:  51.764363480964676
time_compute_deltaFs:  7.394414152018726
time_GMM:  2.5522260459838435

